0 69.14 0.5871 52.8146
1 79.85 0.4324 51.4910
2 83.50 0.3707 51.4943
   82.50 48.4703
3 85.97 0.3278 51.4963
4 87.08 0.2989 51.4981
5 88.75 0.2705 51.4989
   82.30 51.4360
6 89.95 0.2462 51.4998
7 91.20 0.2201 51.5014
8 92.17 0.2012 51.4975
   81.72 60.3093
9 93.18 0.1783 51.4889
10 93.62 0.1665 51.4901
11 94.31 0.1536 51.4922
   82.21 59.1357
12 94.72 0.1423 51.4760
13 95.27 0.1313 51.4817
14 95.55 0.1228 51.4800
   82.12 66.7044
15 95.77 0.1165 51.4799
16 96.42 0.1013 51.4971
17 96.64 0.0919 51.4970
   81.91 76.0988
18 96.83 0.0930 51.4983
19 96.81 0.0889 51.5086
